50 76 300
1 2
1 4
1 6
1 13
1 26
1 33
1 35
1 42
1 49
2 3
2 33
2 46
3 28
3 32
3 34
4 5
4 7
4 8
4 16
4 21
4 22
4 24
4 25
4 32
4 33
4 36
4 40
4 43
4 45
4 48
4 50
5 12
6 10
6 17
6 21
6 29
6 36
6 50
7 18
8 9
8 17
8 25
8 30
8 38
9 11
9 24
10 24
11 14
11 20
11 28
11 36
12 15
13 19
13 23
13 26
13 27
13 39
13 41
16 33
17 25
17 42
18 32
18 37
20 42
21 48
24 47
26 38
27 34
28 31
31 35
32 36
33 45
33 50
34 44
36 38
39 44
4
1 2 33 45 
5
1 4 5 12 15 
5
1 4 7 18 37 
4
1 4 24 47 
4
1 4 36 6 
6
1 6 10 24 4 40 
6
1 6 10 24 4 45 
5
1 6 10 24 47 
6
1 6 21 48 4 7 
4
1 26 13 39 
4
1 26 38 8 
4
1 26 38 36 
5
1 26 38 36 32 
4
1 33 4 40 
5
1 33 16 4 45 
6
1 42 20 11 28 3 
4
2 1 6 17 
4
2 1 26 38 
5
2 1 42 17 8 
4
2 3 28 11 
4
2 3 32 4 
4
2 3 34 27 
4
2 3 34 44 
5
2 33 1 35 31 
4
2 33 4 48 
5
2 33 50 6 1 
7
3 2 33 4 7 18 37 
4
3 28 31 35 
5
3 32 4 24 10 
4
3 32 18 37 
6
3 34 44 39 13 41 
4
4 1 6 17 
4
4 1 13 23 
4
4 5 12 15 
4
4 7 18 37 
5
4 8 17 6 29 
5
4 16 33 2 46 
4
4 16 33 45 
5
4 21 6 17 8 
4
4 33 1 26 
4
4 36 38 26 
4
4 50 6 10 
4
4 50 6 29 
4
5 4 16 33 
7
5 4 25 8 9 24 10 
4
5 4 32 18 
5
5 4 36 38 26 
4
6 1 4 43 
4
6 10 24 47 
4
6 17 8 25 
6
6 17 25 4 1 42 
4
6 17 42 20 
4
6 21 4 48 
8
6 21 48 4 8 9 24 47 
6
6 36 38 8 4 16 
5
7 4 16 33 1 
6
7 4 25 17 8 9 
6
7 4 36 32 18 37 
6
7 4 45 33 2 1 
4
7 18 32 3 
6
7 18 32 4 16 33 
5
7 18 32 4 43 
4
7 18 32 36 
4
8 4 32 3 
4
8 9 11 14 
4
8 9 24 47 
4
8 17 42 20 
4
8 25 4 24 
4
8 25 4 43 
4
8 25 17 42 
4
8 38 26 1 
5
9 8 25 4 33 
8
9 8 38 36 32 4 5 12 
4
9 11 20 42 
4
9 11 28 31 
7
9 11 36 32 4 21 48 
5
9 24 4 8 25 
10
9 24 4 36 32 3 34 44 39 13 
4
9 24 4 40 
7
10 6 1 42 20 11 9 
4
10 6 21 48 
4
10 24 4 7 
4
10 24 4 8 
7
10 24 9 8 25 4 40 
4
11 9 24 47 
4
11 28 31 35 
4
11 36 4 43 
6
11 36 6 1 13 23 
4
11 36 6 50 
8
11 36 6 50 33 45 4 16 
4
12 5 4 22 
6
12 5 4 36 6 29 
8
13 1 4 21 6 10 24 47 
4
13 1 4 25 
6
13 26 1 6 36 32 
8
13 26 38 8 4 7 18 37 
4
13 27 34 3 
4
13 39 44 34 
4
14 11 9 24 
4
14 11 20 42 
5
14 11 20 42 1 
7
14 11 20 42 1 4 33 
5
14 11 20 42 17 
4
14 11 28 31 
5
15 12 5 4 7 
10
15 12 5 4 24 9 11 36 32 18 
5
15 12 5 4 43 
4
16 4 1 42 
4
16 4 8 25 
4
16 4 25 8 
4
16 33 4 22 
5
16 33 50 4 7 
7
16 33 50 4 8 17 25 
6
16 33 50 4 21 6 
5
16 33 50 6 17 
5
17 6 1 13 19 
7
17 6 10 24 4 33 16 
4
17 8 4 33 
4
17 8 25 4 
4
17 8 38 26 
4
17 25 4 40 
4
17 25 4 45 
5
17 42 1 2 46 
5
17 42 1 4 48 
5
17 42 1 26 38 
4
18 7 4 25 
5
18 7 4 32 3 
4
18 32 3 28 
4
18 32 4 22 
4
18 32 4 25 
3
19 13 23 
5
19 13 26 38 8 
4
19 13 27 34 
5
19 13 27 34 3 
4
19 13 39 44 
3
19 13 41 
7
20 11 9 8 17 6 21 
7
20 11 9 24 10 6 36 
7
20 11 28 3 2 1 26 
6
20 11 28 3 2 46 
5
20 11 28 31 35 
5
20 11 36 4 24 
6
20 11 36 38 26 13 
5
20 42 1 13 23 
6
20 42 1 26 13 23 
5
20 42 1 26 38 
6
20 42 1 33 16 4 
4
21 4 32 3 
4
21 4 33 2 
4
21 4 50 33 
4
21 6 10 24 
5
21 6 10 24 47 
5
21 6 17 42 1 
7
21 6 50 33 16 4 5 
4
21 48 4 8 
4
21 48 4 45 
6
22 4 8 9 24 47 
5
22 4 16 33 45 
5
22 4 21 6 29 
4
22 4 33 1 
5
23 13 1 6 10 
9
23 13 26 38 36 4 5 12 15 
6
23 13 26 38 36 6 
4
23 13 39 44 
3
23 13 41 
5
24 4 1 13 26 
4
24 4 8 25 
4
24 4 16 33 
6
24 4 32 36 6 17 
5
24 9 11 28 31 
8
24 9 11 36 6 17 25 8 
4
25 4 24 47 
4
25 8 4 16 
6
25 8 4 36 32 3 
4
25 8 9 24 
4
25 8 17 42 
4
25 8 38 36 
4
25 17 6 10 
7
25 17 8 4 32 36 6 
8
25 17 8 4 50 6 21 48 
4
25 17 42 1 
5
26 1 13 27 34 
4
26 1 13 41 
4
26 1 33 45 
4
26 38 8 9 
7
26 38 36 6 50 33 16 
5
27 34 3 2 46 
4
27 34 3 32 
4
27 34 44 39 
5
27 34 44 39 13 
6
27 34 44 39 13 23 
4
28 3 34 44 
4
28 11 20 42 
5
28 11 20 42 1 
7
28 11 20 42 1 13 27 
4
28 31 35 1 
6
28 31 35 1 2 46 
5
28 31 35 1 6 
7
29 6 10 24 9 8 25 
5
29 6 10 24 47 
5
29 6 21 4 22 
8
29 6 36 11 28 31 35 1 
11
29 6 50 4 24 9 11 28 3 2 46 
9
29 6 50 33 2 1 42 20 11 
8
30 8 4 1 35 31 28 11 
4
30 8 17 25 
6
30 8 25 17 6 10 
7
31 28 3 34 27 13 41 
4
31 28 11 20 
7
31 28 11 36 32 18 37 
4
31 35 1 49 
5
32 3 2 33 16 
4
32 3 2 46 
5
32 3 28 11 36 
4
32 3 34 44 
4
32 4 8 9 
6
32 4 8 25 17 6 
4
32 36 11 20 
4
32 36 38 26 
4
33 1 13 23 
5
33 2 1 4 8 
7
33 2 3 32 36 11 14 
6
33 2 3 34 27 13 
5
33 4 5 12 15 
4
33 45 4 22 
4
33 50 4 21 
4
33 50 4 25 
4
33 50 4 43 
7
33 50 6 1 4 48 21 
4
33 50 6 10 
4
33 50 6 36 
6
33 50 6 36 4 21 
5
34 27 13 1 2 
4
34 27 13 23 
5
34 27 13 26 1 
6
35 1 4 36 6 50 
9
35 31 28 11 9 24 10 6 29 
8
36 4 25 17 8 9 24 47 
5
36 6 17 8 9 
6
36 11 28 3 34 44 
4
36 38 8 17 
8
37 18 32 36 11 9 8 38 
4
38 8 4 40 
4
38 8 17 42 
5
38 26 1 13 41 
4
38 26 13 39 
8
39 13 26 1 6 50 4 40 
4
39 13 26 38 
4
39 13 27 34 
5
39 44 34 3 2 
4
39 44 34 27 
4
40 4 21 48 
4
40 4 24 10 
6
40 4 25 17 8 30 
4
40 4 32 3 
3
40 4 43 
4
40 4 45 33 
3
41 13 19 
3
41 13 23 
4
41 13 39 44 
4
42 1 2 3 
4
42 1 6 17 
4
42 1 6 36 
4
42 1 13 23 
4
42 1 13 27 
4
42 1 26 13 
5
42 1 26 13 27 
5
42 1 33 16 4 
4
42 20 11 14 
4
42 20 11 28 
4
43 4 1 26 
5
43 4 5 12 15 
4
43 4 7 18 
5
43 4 7 18 37 
5
43 4 24 9 11 
8
43 4 50 6 17 42 20 11 
5
44 34 27 13 19 
4
44 39 13 41 
4
45 4 32 18 
5
45 4 36 11 9 
4
45 33 1 42 
4
45 33 50 4 
6
45 33 50 6 21 48 
7
46 2 3 32 36 11 20 
8
46 2 3 32 36 38 26 1 
4
46 2 3 34 
6
46 2 3 34 27 13 
5
47 24 4 1 42 
8
47 24 9 11 20 42 17 25 
4
48 4 5 12 
4
48 4 32 36 
4
48 4 36 32 
6
48 21 4 1 13 23 
5
48 21 6 17 42 
4
49 1 2 3 
6
49 1 4 25 8 30 
5
49 1 33 4 45 
7
50 4 25 8 17 42 20 
5
50 4 25 8 38 
5
50 33 1 4 43 
